%YAML:1.0
CameraExtrinsicMat: !!opencv-matrix
   rows: 4
   cols: 4
   dt: d
   data: [0.04746119808277593, -0.02376303491579299, -0.9985903829139046, -0.009832412922625567,
          -0.05911090427395248, 0.9962334403360265, -0.06344157431968939, -0.01792227525925172,
          0.9980751813094263, 0.06017515607337953, 0.01499610101661209, -0.08579857437104249,
          0., 0., 0., 1. ]
CameraMat: !!opencv-matrix
   rows: 3
   cols: 3
   dt: d
   data: [1418.430458, 0.000000, 975.502052,
         0.000000, 1419.731876, 611.699578,
        0.000000 ,0.000000, 1.000000]
DistCoeff: !!opencv-matrix
   rows: 1
   cols: 5
   dt: d
   data: [ -0.138302, 0.095746, 0.000033, 0.003568 ,0.000000]
ImageSize: [ 1920, 1200 ]


